20200220235013,20190608,0,1000000,1000000
20200225230454,20190608,0,1000000,1000000
20200225233837,20190608,0,1001930,1001930
20200225234156,20190608,15,987567,987567
20200226000310,20190608,15,987567,987567
20200226000941,20190608,15,989927,989927
